0 0 350         0.05   s  0 0 0
0 0 450         1.0    c  0 0 0
-400 100 700    1.0  s 0 0 0
-405 101 700    1.0 c  0 0 0
-1200 250 0     1.2 s  0 500 0
-1200 251 -5    1.2 c  0 500 0
-600 1000 -800  1.3 s 0 200 0
-500 1000 -800  1.3 c 0 200 0
100 160 -500      1.65 s 90 364 88
100 130 -120      3.1 c 0 0 20
40 90  -20        1.4 s 0 0 20
24 54  -12         0.585 s 0 0 20
0 0 0            0.01 s 117 473 114
1.17 4.73  1.14     0.1  c 117 473 114
12 15 -4            0.5    s 117 473 114
15 22 -11           0.6    c 117 473 114
5 60 -132            0.5    s 0 0 0
-5 62 -134           0.5    c 0 0 0
-220 40 0             1    s 0 0 0
-215 38 10            1.2  c 0 0 0
36.7696 15.0000 36.7696 		 0.3200 s 0 0 0
38.1294 14.9788 35.1949 		 0.3192 c 0 0 0
39.4224 14.9576 33.5704 		 0.3183 s 0 0 0
40.6465 14.9363 31.8990 		 0.3175 c 0 0 0
41.8001 14.9151 30.1834 		 0.3166 s 0 0 0
42.8817 14.8939 28.4268 		 0.3158 c 0 0 0
43.8899 14.8727 26.6320 		 0.3149 s 0 0 0
44.8232 14.8515 24.8021 		 0.3141 c 0 0 0
45.6805 14.8302 22.9403 		 0.3132 s 0 0 0
46.4609 14.8090 21.0497 		 0.3124 c 0 0 0
47.1632 14.7878 19.1334 		 0.3115 s 0 0 0
47.7868 14.7666 17.1947 		 0.3107 c 0 0 0
48.3309 14.7454 15.2369 		 0.3098 s 0 0 0
48.7951 14.7241 13.2630 		 0.3090 c 0 0 0
49.1789 14.7029 11.2764 		 0.3081 s 0 0 0
49.4820 14.6817 9.2805 		 0.3073 c 0 0 0
49.7044 14.6605 7.2783 		 0.3064 s 0 0 0
49.8459 14.6392 5.2732 		 0.3056 c 0 0 0
49.9068 14.6180 3.2685 		 0.3047 s 0 0 0
49.8873 14.5968 1.2673 		 0.3039 c 0 0 0
49.7877 14.5756 -0.7270 		 0.3030 s 0 0 0
49.6087 14.5544 -2.7114 		 0.3022 c 0 0 0
49.3507 14.5331 -4.6826 		 0.3013 s 0 0 0
49.0146 14.5119 -6.6376 		 0.3005 c 0 0 0
48.6013 14.4907 -8.5732 		 0.2996 s 0 0 0
48.1118 14.4695 -10.4864 		 0.2988 c 0 0 0
47.5472 14.4483 -12.3741 		 0.2979 s 0 0 0
46.9087 14.4270 -14.2336 		 0.2971 c 0 0 0
46.1978 14.4058 -16.0618 		 0.2962 s 0 0 0
45.4158 14.3846 -17.8560 		 0.2954 c 0 0 0
44.5644 14.3634 -19.6134 		 0.2945 s 0 0 0
43.6453 14.3422 -21.3314 		 0.2937 c 0 0 0
42.6603 14.3209 -23.0073 		 0.2928 s 0 0 0
41.6111 14.2997 -24.6386 		 0.2920 c 0 0 0
40.5000 14.2785 -26.2229 		 0.2911 s 0 0 0
39.3288 14.2573 -27.7579 		 0.2903 c 0 0 0
38.0997 14.2361 -29.2412 		 0.2894 s 0 0 0
36.8152 14.2148 -30.6708 		 0.2886 c 0 0 0
35.4773 14.1936 -32.0445 		 0.2877 s 0 0 0
34.0886 14.1724 -33.3604 		 0.2869 c 0 0 0
32.6516 14.1512 -34.6166 		 0.2860 s 0 0 0
31.1687 14.1300 -35.8114 		 0.2852 c 0 0 0
29.6427 14.1087 -36.9431 		 0.2843 s 0 0 0
28.0761 14.0875 -38.0102 		 0.2835 c 0 0 0
26.4716 14.0663 -39.0112 		 0.2827 s 0 0 0
24.8322 14.0451 -39.9449 		 0.2818 c 0 0 0
23.1605 14.0238 -40.8100 		 0.2810 s 0 0 0
21.4594 14.0026 -41.6055 		 0.2801 c 0 0 0
19.7318 13.9814 -42.3303 		 0.2793 s 0 0 0
17.9807 13.9602 -42.9837 		 0.2784 c 0 0 0
16.2090 13.9390 -43.5649 		 0.2776 s 0 0 0
14.4196 13.9177 -44.0734 		 0.2767 c 0 0 0
12.6155 13.8965 -44.5086 		 0.2759 s 0 0 0
10.7997 13.8753 -44.8702 		 0.2750 c 0 0 0
8.9752 13.8541 -45.1580 		 0.2742 s 0 0 0
7.1450 13.8329 -45.3717 		 0.2733 c 0 0 0
5.3121 13.8116 -45.5116 		 0.2725 s 0 0 0
3.4795 13.7904 -45.5776 		 0.2716 c 0 0 0
1.6501 13.7692 -45.5700 		 0.2708 s 0 0 0
-0.1731 13.7480 -45.4892 		 0.2699 c 0 0 0
-1.9872 13.7268 -45.3356 		 0.2691 s 0 0 0
-3.7893 13.7055 -45.1099 		 0.2682 c 0 0 0
-5.5766 13.6843 -44.8128 		 0.2674 s 0 0 0
-7.3462 13.6631 -44.4451 		 0.2665 c 0 0 0
-9.0953 13.6419 -44.0077 		 0.2657 s 0 0 0
-10.8212 13.6207 -43.5017 		 0.2648 c 0 0 0
-12.5213 13.5994 -42.9282 		 0.2640 s 0 0 0
-14.1928 13.5782 -42.2886 		 0.2631 c 0 0 0
-15.8333 13.5570 -41.5841 		 0.2623 s 0 0 0
-17.4402 13.5358 -40.8162 		 0.2614 c 0 0 0
-19.0111 13.5146 -39.9864 		 0.2606 s 0 0 0
-20.5436 13.4933 -39.0965 		 0.2597 c 0 0 0
-22.0354 13.4721 -38.1482 		 0.2589 s 0 0 0
-23.4843 13.4509 -37.1432 		 0.2580 c 0 0 0
-24.8882 13.4297 -36.0836 		 0.2572 s 0 0 0
-26.2450 13.4085 -34.9712 		 0.2563 c 0 0 0
-27.5528 13.3872 -33.8081 		 0.2555 s 0 0 0
-28.8096 13.3660 -32.5966 		 0.2546 c 0 0 0
-30.0138 13.3448 -31.3387 		 0.2538 s 0 0 0
-31.1635 13.3236 -30.0369 		 0.2529 c 0 0 0
-32.2573 13.3023 -28.6933 		 0.2521 s 0 0 0
-33.2936 13.2811 -27.3104 		 0.2512 c 0 0 0
-34.2711 13.2599 -25.8907 		 0.2504 s 0 0 0
-35.1884 13.2387 -24.4365 		 0.2495 c 0 0 0
-36.0443 13.2175 -22.9506 		 0.2487 s 0 0 0
-36.8379 13.1962 -21.4353 		 0.2478 c 0 0 0
-37.5681 13.1750 -19.8934 		 0.2470 s 0 0 0
-38.2341 13.1538 -18.3275 		 0.2462 c 0 0 0
-38.8351 13.1326 -16.7402 		 0.2453 s 0 0 0
-39.3704 13.1114 -15.1342 		 0.2445 c 0 0 0
-39.8396 13.0901 -13.5123 		 0.2436 s 0 0 0
-40.2423 13.0689 -11.8771 		 0.2428 c 0 0 0
-40.5781 13.0477 -10.2313 		 0.2419 s 0 0 0
-40.8467 13.0265 -8.5778 		 0.2411 c 0 0 0
-41.0483 13.0053 -6.9191 		 0.2402 s 0 0 0
-41.1827 12.9840 -5.2581 		 0.2394 c 0 0 0
-41.2501 12.9628 -3.5975 		 0.2385 s 0 0 0
-41.2507 12.9416 -1.9398 		 0.2377 c 0 0 0
-41.1849 12.9204 -0.2879 		 0.2368 s 0 0 0
-41.0532 12.8992 1.3556 		 0.2360 c 0 0 0
-40.8561 12.8779 2.9882 		 0.2351 s 0 0 0
-40.5943 12.8567 4.6072 		 0.2343 c 0 0 0
-40.2685 12.8355 6.2100 		 0.2334 s 0 0 0
-39.8797 12.8143 7.7942 		 0.2326 c 0 0 0
-39.4287 12.7931 9.3572 		 0.2317 s 0 0 0
-38.9168 12.7718 10.8967 		 0.2309 c 0 0 0
-38.3449 12.7506 12.4103 		 0.2300 s 0 0 0
-37.7144 12.7294 13.8956 		 0.2292 c 0 0 0
-37.0266 12.7082 15.3504 		 0.2283 s 0 0 0
-36.2830 12.6869 16.7725 		 0.2275 c 0 0 0
-35.4850 12.6657 18.1597 		 0.2266 s 0 0 0
-34.6343 12.6445 19.5101 		 0.2258 c 0 0 0
-33.7325 12.6233 20.8215 		 0.2249 s 0 0 0
-32.7814 12.6021 22.0921 		 0.2241 c 0 0 0
-31.7827 12.5808 23.3201 		 0.2232 s 0 0 0
-30.7385 12.5596 24.5036 		 0.2224 c 0 0 0
-29.6505 12.5384 25.6410 		 0.2215 s 0 0 0
-28.5209 12.5172 26.7308 		 0.2207 c 0 0 0
27.6       12.4   58.4               0.08    s 0 0 0
38.8       12.4   58.4             0.06    s 0 0 0