rgb(255, 161, 132)
rgb(255, 166, 138)
rgb(255, 171, 145)
rgb(255, 176, 151)
rgb(255, 181, 158)
rgb(255, 186, 164)
rgb(255, 191, 171)
rgb(255, 196, 177)
rgb(255, 201, 184)
rgb(255, 206, 190)
rgb(255, 210, 197)
rgb(255, 215, 203)
rgb(255, 220, 210)
rgb(255, 225, 216)
rgb(255, 230, 223)
rgb(255, 235, 229)
rgb(255, 240, 236)
rgb(255, 245, 242)
rgb(255, 250, 249)
rgb(255, 255, 255)
rgb(255, 255, 255)
rgb(249, 251, 255)
rgb(244, 247, 255)
rgb(238, 243, 255)
rgb(232, 239, 255)
rgb(226, 235, 255)
rgb(220, 231, 255)
rgb(214, 227, 255)
rgb(208, 223, 255)
rgb(202, 219, 255)
rgb(196, 215, 255)
rgb(190, 211, 255)
rgb(183, 207, 255)
rgb(177, 203, 255)
rgb(170, 199, 255)
rgb(163, 195, 255)
rgb(156, 191, 255)
rgb(149, 188, 255)
rgb(142, 184, 255)
rgb(134, 180, 255)
