250.98 0.0 0.01    0.00005  s   251 0 0
243.0 0 8.0        0.25     s   251 0 0
170.0 0 81.0        1.5     s   251 0 0
40 0 211           0.6     c   251 0 0
0.1 0 211          0.25     s   0 0 0
0.1 0 25           0.35     s   0 0 0
0 0  1.4             0.0005  s 0 0 0
0 0 1.35             0.0002  s 0 0 0
0 0 1.6              0.0004  s 0 0 0
0 0 1.65          0.0001 s   3.5 -1.0 2.0
0 0 1.6           0.0005   s  0 0 0
0 0 1.55           0.0025    s 0 0 0
0 0 1          0.005    c   0 0 0
0 -1 0.1          0.005      s   0 0 0
0 -1.4 0.1          0.0005     s   0 0 0
0 -1.7 0.1          0.0001 s 0 0 0